100
41048 29885
22609 42119
56095 736
9 11
0 1
72515 22405
73375 4573
82390 3994
16146 46302
33955 22673
19844 11023
8143 2885
95617 2289
60894 5152
25712 19677
71827 21225
86288 3904
5100 58689
73188 11445
60401 12749
30496 42979
23165 52220
41095 30025
26163 23763
86041 5140
64219 15835
12304 37314
7617 68380
50000 50000
18377 60301
31506 29201
71192 16049
9137 5503
4241 12138
22400 28794
76169 11976
97898 1717
46838 11350
21140 15627
16685 78327
16244 69397
76260 21435
61718 14019
100000 0
70277 15098
23147 55292
37435 38803
93208 6719
59384 13604
60486 31634
77600 2911
55213 9031
2987 36757
31504 667
1 1
94098 4423
1 0
17349 56356
18084 41428
54385 36763
90689 7250
57310 35512
63847 28385
12849 2377
89647 9605
63358 25265
23437 36938
8381 52046
62456 24924
37783 51708
12620 49700
76988 14906
2 0
41128 53194
60350 3485
20444 4690
18180 691
7 13
57779 15765
22161 50718
87750 4632
65155 1712
99361 591
77456 12841
77199 2496
8151 6426
42929 1906
28062 47352
54950 34632
16974 75661
24035 71389
46118 5183
50783 39532
90162 5027
0 100000
33146 41449
0 2
26657 1207
73169 13217
46230 39354
