100
0 723884 307260183867118189 1
68353 670444 410718628731729238 99922
438376 883487 510101764058077452 99942
530558 163749 144962015973489865 9498
343788 978080 633337824264008786 99948
448194 904421 325259501000411651 99935
341234 771522 51763430486367561 110
289341 0 642671034058169921 59311
194478 655221 191813195479899231 17780
250494 846558 262459029377774955 57898
850806 129188 349744510982154319 75635
295210 0 70650696818961668 1
305897 753486 928762872429180337 98653
54933 274436 919484894343055117 73237
784016 526139 332012494725732003 58580
351695 336611 321700998360664298 99973
716007 311301 944897523978625673 29296
169258 755923 524378470154907821 84455
429975 748844 430075084497930413 99951
314401 493013 82307755794013404 99919
976511 71010 48529087066829446 70232
304127 306528 822975121173419697 75197
422926 788882 741380435691884087 40529
58622 452933 976175135120061280 99981
894316 5964 327939466551601489 99946
876244 812654 680708866768931333 19901
951432 28355 39973352208931249 99958
376452 766255 465883439021388437 99987
486599 922149 547899237001921684 76352
448077 479661 849699233372170672 99983
80835 224574 835909262594144587 25344
959613 381283 947666871577137442 1895
173823 291371 748201626131870556 99902
237583 674982 356030532669133792 99952
732607 543025 773216559284854835 30707
95586 439274 447425142961964544 99963
829438 106296 192802468503453554 75968
14369 833373 804555860612336470 99924
116014 750011 20631821514209039 99978
421510 226623 208173452642260757 67621
422650 791465 45599770977572309 55417
666107 776390 371761686123879390 64741
407753 530399 838674702924896344 62754
968571 996033 39839383266791421 41716
877417 821401 85347506152837140 99984
599974 129711 480996361486781569 36297
94427 455845 382459887551058517 99947
775814 154536 577509451781586550 99954
871591 221856 762359206381571958 30436
0 0 1000000000000000000 100000
245915 91166 387423301622536660 99954
0 0 224284029537277427 1
331390 391482 682503737687609337 65811
690805 545970 621321299790399682 99984
554617 734479 374358897924477972 99928
843865 789807 14121448032541868 99998
216221 517491 580052472254899878 27627
963777 32166 944576243008820656 98195
211752 722417 231771344729608783 99978
74843 577803 598000401982271414 17891
440995 46598 50698020288581206 69491
837733 217624 253399232606203365 95942
435520 529910 197890812058432171 99978
458818 354890 581345707044488886 99964
0 0 960988684810427151 92262
77477 156948 393826646482807092 99922
596734 227589 505641108119733440 99925
0 59540 189124046610967841 40992
551819 942157 654582533553937360 99984
561645 871181 769334056215133972 37743
375755 302131 803422525882007 44038
0 0 10 5
194010 0 51824454695348295 1
658832 87260 779917906421677063 26323
835498 52191 442239346762337901 13957
856795 216699 263727084005051295 18780
502306 290009 299210935479061767 99905
959514 955945 923676907316482679 99960
115014 954850 900309321126787049 99966
254171 369506 950447809346162368 99931
657025 822613 624465690072063689 99961
33155 195719 792726996906812254 99913
772850 516048 770776837489295968 99971
0 0 100 199
821382 596152 387087406971338235 76437
347310 53687 441754748393684849 58756
791945 931072 254700778526500780 99925
103536 572333 613633046745158095 60398
251448 592562 81343614474094933 66875
593424 596759 60474516736950251 99988
552967 118908 266398431804084427 99959
750975 188693 680205004240715069 99975
206645 470489 892868892547795585 99921
664337 26970 135115819403413977 89964
80681 492763 714796652649959074 99963
599239 440408 734590124125970476 99983
245871 207051 786289926744405012 99927
128667 651026 50455367173492754 27584
195461 74441 229925622842943562 77754
250518 248058 124887608919059004 56753
