100
674574 270094 243 8039
692263 466224 515 6356
258231 331334 922 6537
0 0 10 5
657458 535871 541 3706
752995 788453 367 9986
272121 704656 165 2574
539397 631807 10 7791
834416 0 448 7937
0 0 461 4943
542372 907590 168 3524
56522 655988 191 9970
888665 333262 749 9966
753356 374059 589 9907
237808 569002 637 9907
362953 329236 362 5343
0 763429 996 1
848326 777096 448 9959
580167 559436 684 9936
656234 996110 853 9906
566330 858174 898 9960
153326 621084 767 1809
356688 825159 178 4116
912787 528304 758 9934
961047 521059 974 9997
62149 901171 177 3288
460366 369161 740 9931
149702 500855 933 7402
250971 601929 82 9923
974578 956216 829 9924
750602 303128 594 9549
409737 487266 55 9973
637861 55971 683 3638
316522 391660 70 5950
661218 959132 956 9099
612806 628809 815 4696
33763 150393 635 583
801679 833356 542 9911
306306 486611 939 9959
774170 218837 928 7966
598388 632624 736 9932
957369 153369 528 8863
276265 578933 653 9919
62098 351384 78 9907
135624 80988 752 8133
505046 22723 136 1760
407180 905546 764 9943
551330 607728 453 9522
0 0 100 199
113879 642076 471 9941
0 154565 166 7562
150569 158048 693 4703
463533 807160 726 827
61284 642265 172 9964
64623 912957 282 4225
518745 436308 988 9988
876220 148744 352 9940
134442 751851 340 2498
555617 117852 885 3953
157251 973511 72 9997
300264 140911 133 4222
486448 404479 168 5867
149802 449157 780 5166
201527 37825 2 2429
423192 616786 923 9556
797355 0 237 1
509163 513651 973 9911
724496 311822 3 9989
979572 577406 757 1607
519110 118298 922 9908
0 0 1000 10000
755706 375419 152 9961
703606 866328 103 9998
543485 36563 873 2156
525370 83548 247 5314
0 0 830 1
201940 180436 687 9981
602215 464492 383 9917
630898 0 356 1
131641 676814 793 2862
848174 443507 76 4979
224622 421950 307 9999
981487 184493 553 9950
938469 988143 935 9940
893392 810682 991 9918
946510 35321 213 2121
625480 47281 561 9936
396233 164632 592 7258
557163 100085 256 6206
292737 549626 793 9905
939588 459513 667 9951
540645 522464 897 9925
99813 244286 275 9910
570847 189053 589 9956
772072 99277 86 9919
846310 321302 424 9974
903383 155796 736 5594
491894 621184 922 8286
757477 379097 310 7957
771966 182828 771 1141
