100
465888 82629 629 3374
36861 819777 798 9955
675971 791406 159 9953
433696 905953 484 5873
960869 821208 397 1008
674680 134636 96 3036
459541 91234 171 9963
581217 97434 980 8917
800238 686593 537 6565
551775 230545 798 8741
113232 686101 390 9903
702371 85998 610 1646
664391 439744 628 5449
934156 370162 545 9127
447649 787981 478 9988
81025 110875 772 9927
995433 616688 511 9908
70987 620422 677 9952
212555 0 216 2537
477603 257672 156 5932
144051 512860 214 9911
376657 54880 874 8944
618985 13142 719 9966
18885 288977 160 9922
608438 333288 589 9973
0 108569 333 1
207994 23743 307 9961
544054 893403 635 1059
299159 205815 515 9926
187951 926640 194 1471
256239 787168 782 9924
78085 420528 33 726
337433 999682 359 9996
659393 852707 379 9917
280072 870539 398 5213
237779 296808 526 2997
526241 59158 194 6482
378612 174302 643 9906
43214 0 901 1
457503 466999 819 9993
116415 38954 88 4784
698596 557400 624 3855
0 0 10 5
781054 230096 282 3233
0 0 146 1
397944 953109 28 8306
772038 742226 9 9939
939190 206249 332 9908
372128 168465 456 9917
131646 716106 726 9957
836061 675816 696 4742
701400 193197 142 1010
866660 271562 241 4861
427716 846148 374 9998
0 0 100 199
506305 742807 181 8895
42655 966536 792 9933
345682 50359 563 2169
857531 870546 114 967
297196 915035 379 7322
613213 51784 804 9976
28310 693618 106 9999
579986 75383 852 9992
289322 766612 879 5949
528696 106733 90 4040
0 0 423 3298
79950 454811 153 9956
238076 375857 201 9907
759501 310189 525 7278
283122 636442 767 9923
980797 293382 160 9953
416362 497268 883 3510
823167 546449 123 9915
42724 47404 306 8871
344857 402795 845 8546
815845 655250 259 9919
144861 663085 453 9640
878283 542388 438 1253
189975 749270 556 9991
960470 172361 479 9912
0 587483 534 5312
76199 141499 407 9960
859681 398363 380 8678
333202 425664 949 9978
156684 111137 555 1473
117637 809453 297 9932
570178 377231 476 1633
986433 875224 662 9977
870255 703140 725 9922
9852 57300 601 9941
257089 28738 277 9932
420018 391283 150 9916
24480 781833 563 3514
953064 415844 217 3523
529920 174121 140 4652
450110 688388 452 9914
92043 703938 489 9761
0 0 1000 10000
942924 51009 569 5321
351744 0 621 1
