100
28355 931248 352 9958
74843 577803 413 402
837733 217624 364 9233
26970 413976 819 9964
156948 807091 646 2626
209038 631821 964 9954
503737 765810 461 4442
743607 68353 444 9942
455367 327583 107 6391
829025 596734 589 3440
429975 748844 412 9977
690805 545970 681 9982
336611 664297 998 9973
592562 94932 614 6875
309321 268578 14 9969
976511 71010 445 9088
195662 115014 850 9936
0 892261 341 1
405011 289926 373 9979
5964 601488 466 9946
117890 829438 296 3554
448194 904421 650 9502
890812 82310 818 9964
337824 860240 967 9930
94427 455845 516 9929
677062 917906 322 1449
27478 554617 479 7972
570231 128667 26 2754
812654 931332 866 9901
961667 0 696 1
899230 813195 779 6008
833373 336469 860 9924
439274 964543 142 37
590124 481334 823 9976
959514 955945 678 9987
325343 331390 482 9337
0 124046 991 5211
502306 290009 766 9968
488885 345707 288 9909
753619 843865 807 9973
492763 959073 652 9963
419454 343788 80 9941
791465 572308 770 5417
189353 206645 489 5585
63688 465690 470 9914
995981 551819 157 9986
80835 224574 586 9263
84426 398431 7 9903
641108 746694 945 1073
803422 144037 607 3026
311301 625672 523 9296
245915 91166 659 3302
821401 837139 506 9984
722417 608782 344 9978
898652 963777 166 656
945498 438376 487 9903
854834 216559 706 1646
500779 700778 60 7478
870555 201626 854 9965
358897 405873 975 8694
975121 375196 478 5222
775814 154536 549 9990
879389 761686 740 3537
170671 699233 248 5587
0 0 183 1
501894 375755 131 2007
305897 753486 336 2873
572333 158094 46 398
121448 181025 171 9913
576243 898194 599 2150
383603 435520 910 9994
582533 880878 871 9910
162367 447809 388 9989
0 0 100 199
237583 674982 791 9901
101764 219190 452 9937
593424 596759 250 9970
427150 0 684 1
0 0 920 1035
0 0 10 5
868892 116998 77 9662
772850 516048 967 6838
943561 925622 753 4338
314401 493013 403 9947
195719 812253 996 9913
802468 175967 382 6153
874324 277426 29 9956
559310 0 540 7841
295941 304127 528 9697
715068 205004 659 9954
338234 87406 436 2651
921683 899237 351 6245
51157 599239 408 9915
452933 61279 135 9981
0 0 1000 10000
348294 824454 884 9968
718628 817623 25 9987
871181 133971 56 7743
959613 381283 441 6872
388436 883439 499 9945
