100
694579 603957 717 5167
525195 668623 366 9937
991301 199075 365 8909
786340 360814 365 9414
76852 801979 719 6041
951588 557110 59 9996
182752 456255 13 9975
657200 300548 437 6942
176831 488938 277 4968
944294 226685 751 9905
110385 68153 54 6437
808744 558733 868 9941
393584 516333 70 9941
265782 485852 41 61
0 0 616 6340
174606 703691 655 1743
0 0 100 199
817313 307730 943 6120
905811 952579 86 9934
478155 170507 74 4863
184978 543578 473 3237
894804 70046 845 5723
503931 250955 295 576
501762 976759 610 9986
859115 302888 653 3949
769235 229369 515 9954
697931 647066 178 9957
494816 635494 765 9958
957460 167649 877 9985
388181 0 454 1
950777 16541 991 9910
565556 650177 217 9993
0 0 149 1
0 436078 954 1
552848 320367 21 9958
894273 189690 937 2520
494431 695770 541 9570
320610 127046 292 9928
367856 732394 256 9917
698558 676939 898 4239
0 0 10 5
564025 290271 769 3013
44605 722541 40 9933
578114 90251 648 8055
997212 123250 318 7969
294841 417924 360 5934
656943 792471 543 2893
796590 526738 111 9990
886378 449573 798 3908
244168 593969 805 9920
623155 901595 772 9975
436641 349156 33 9904
304274 767190 188 4706
888715 875936 622 129
715061 734498 568 9999
698588 529755 690 9928
794008 876429 286 3881
130825 532375 580 2865
727411 108094 393 8325
627483 975001 152 9989
462279 644490 126 2736
82645 943046 2 9966
280575 323191 162 4643
387202 175304 128 9944
987043 0 48 1
237577 481410 510 9950
489804 109231 634 9944
503502 950450 916 9916
716384 137809 880 9911
150869 64459 343 9953
784414 827972 747 9963
554596 669030 624 9942
398764 340464 497 9909
973889 655391 68 9938
709683 640674 877 813
421952 91769 116 4875
259864 895874 814 9984
68632 360249 455 8042
74043 65985 924 9935
317953 581883 412 9952
228446 480920 771 9083
622436 569955 911 9964
289616 128832 157 9555
135049 315057 961 3730
833100 387418 697 9937
175099 135356 55 1864
574236 29126 578 1014
699275 311880 996 5591
396911 821783 418 8588
643605 654614 398 7700
715646 374301 262 9942
0 145557 685 2649
620079 155061 80 9938
977269 759666 391 9912
607144 807758 584 9994
950188 536322 476 5403
463514 286142 2 7078
0 0 1000 10000
558319 0 851 6150
107564 351930 294 3685
