100
5 5
427 126 368 388 936
836 824 303 540 842
793 285 453 961 13
307 771 295 11 46
357 794 916 726 401
3 3
604 387 919
223 468 623
612 717 563
10 10
79 219 97 952 970 34 73 733 245 591
787 971 564 774 879 317 951 419 843 802
3 168 231 850 339 549 657 736 18 488
135 580 764 913 791 204 303 634 597 298
213 519 80 959 853 719 349 673 538 172
522 578 636 575 139 205 120 243 371 94
466 738 750 20 696 525 563 634 607 589
60 699 400 942 62 561 962 350 679 715
2 810 202 919 542 831 262 860 474 408
674 968 431 825 330 518 354 302 297 915
5 5
693 574 899 800 675
184 533 141 363 793
115 797 348 241 178
779 345 419 631 465
376 340 698 879 663
3 3
284 979 507
520 671 945
738 688 97
10 10
608 825 499 31 971 997 551 41 408 502
109 649 48 288 817 800 634 886 540 587
171 687 222 566 374 504 830 866 529 847
588 578 812 562 896 192 296 563 523 790
723 108 509 896 452 135 438 22 265 173
153 238 429 953 249 659 751 804 258 344
968 294 654 151 647 298 65 422 32 381
652 262 475 301 597 69 819 977 113 12
510 74 932 58 242 292 480 307 62 57
249 546 587 705 918 253 944 511 898 25
5 5
51 193 33 867 399
654 298 256 769 994
674 540 720 103 26
648 361 297 503 435
528 481 245 467 76
3 3
808 204 263
847 322 507
878 676 549
10 10
122 189 464 963 620 837 937 844 278 558
51 229 929 555 900 25 865 443 600 934
955 628 760 177 405 344 765 258 242 618
61 496 94 375 672 298 160 996 586 868
226 601 903 96 205 591 512 759 597 13
875 100 302 303 512 830 793 869 581 407
632 411 967 740 657 687 436 662 492 385
442 241 82 350 734 850 146 816 12 442
406 917 914 464 620 709 18 374 403 115
785 907 2 241 901 618 423 562 116 461
5 5
588 922 437 137 1
184 431 316 721 281
848 579 657 493 247
468 473 176 685 432
82 980 3 458 714
3 3
656 312 95
691 994 333
807 908 296
10 10
471 43 375 611 721 125 825 3 753 565
155 991 204 490 535 612 587 291 136 611
278 436 981 221 914 487 582 11 710 637
280 267 708 455 898 776 482 859 221 289
498 108 122 204 511 645 315 674 82 445
906 529 468 287 75 794 735 199 426 737
899 876 540 491 738 784 721 480 554 359
465 981 774 937 380 405 82 797 51 574
931 234 864 715 570 377 371 148 582 294
259 76 632 804 387 890 901 248 372 513
5 5
719 240 544 727 207
526 727 990 5 436
266 545 35 810 126
993 262 412 72 482
850 125 545 262 75
3 3
687 950 933
286 850 880
653 909 653
10 10
575 571 436 504 189 598 980 736 246 515
892 117 197 178 800 240 168 278 284 364
362 842 599 85 681 347 294 593 73 81
191 853 857 842 782 972 12 193 999 236
267 31 841 746 993 28 978 661 115 330
970 668 553 426 443 274 739 683 530 758
147 223 774 59 966 341 82 568 470 879
148 683 259 915 619 557 545 518 692 378
960 764 355 428 61 643 944 549 957 938
167 443 825 653 589 745 502 913 655 484
5 5
311 53 905 195 244
839 383 585 696 744
151 792 744 81 183
810 148 255 378 257
994 608 691 461 915
3 3
3 674 120
689 101 15
277 850 659
10 10
602 728 882 886 31 451 730 841 730 414
673 835 290 648 813 156 595 814 632 142
713 879 748 890 192 757 362 46 317 414
355 491 509 617 455 510 855 882 106 528
144 77 700 731 598 226 921 52 145 385
796 549 378 833 128 911 157 678 252 118
369 967 18 745 584 965 340 125 640 421
293 612 696 814 756 928 156 932 63 945
602 251 344 459 856 679 587 89 756 796
377 590 631 960 711 31 494 638 68 997
5 5
865 35 976 972 693
839 686 147 632 575
681 209 645 441 1
380 223 471 680 187
8 269 389 980 451
3 3
685 655 204
318 299 165
306 724 433
10 10
899 588 220 530 240 413 276 50 610 730
843 557 924 308 512 142 41 610 844 865
371 38 24 92 739 959 703 33 744 781
1 396 925 242 513 370 855 733 940 760
269 326 298 134 479 577 849 17 151 246
293 661 468 346 675 459 631 938 939 184
559 916 662 331 323 113 178 978 701 201
543 346 610 266 432 947 964 356 10 734
576 711 415 159 632 912 842 864 353 239
505 884 972 276 280 833 26 222 416 942
5 5
21 209 994 565 587
766 55 78 198 553
971 710 104 650 737
9 937 421 886 695
212 201 580 640 860
3 3
710 681 831
941 816 903
587 480 675
10 10
321 342 557 905 109 973 264 343 304 354
69 147 379 283 99 402 433 757 194 357
762 121 747 489 724 996 598 437 356 585
158 707 577 47 612 212 35 270 743 377
262 749 8 155 346 458 856 982 950 118
479 5 745 971 9 913 994 16 621 254
974 961 426 137 280 89 143 907 394 543
244 373 462 547 93 442 358 549 44 556
365 730 196 322 787 864 383 984 547 217
799 650 690 328 292 671 365 749 370 781
5 5
762 689 827 559 110
886 176 694 772 101
53 830 46 95 237
156 791 475 605 870
619 366 633 693 831
3 3
258 192 82
469 462 442
284 959 208
10 10
505 340 965 353 373 515 863 649 135 295
435 933 506 62 189 135 808 653 914 479
707 576 116 541 549 171 187 31 929 701
93 407 672 20 221 500 848 146 556 27
48 723 850 154 190 320 764 293 449 351
165 224 161 942 571 992 844 173 489 973
390 685 371 250 884 591 88 782 265 495
978 320 778 969 615 334 43 981 982 501
794 669 892 115 311 646 523 588 100 444
976 833 240 803 928 938 169 993 184 843
5 5
707 988 640 939 350
12 165 175 212 927
921 606 818 578 73
891 80 413 452 964
778 411 983 109 17
3 3
638 635 581
264 196 762
927 565 493
10 10
514 443 483 75 44 410 46 766 991 757
567 977 425 309 629 525 756 279 270 360
154 823 361 280 753 269 451 290 936 670
715 469 570 135 72 422 418 894 902 895
553 71 835 576 348 219 790 435 477 547
158 689 407 161 293 777 376 330 885 624
224 821 706 809 382 26 134 730 804 669
729 705 472 227 380 631 636 69 910 147
467 472 412 551 201 346 1 867 424 875
599 762 491 638 1 348 168 934 121 604
5 5
775 391 250 629 342
31 353 991 809 714
846 995 140 811 549
141 195 732 125 616
287 919 679 20 17
3 3
282 920 490
243 695 178
471 40 735
10 10
774 862 634 928 218 849 940 427 100 813
125 952 690 817 964 203 480 769 109 591
786 330 756 600 205 917 854 973 794 832
869 931 347 975 551 889 617 919 843 102
581 891 344 330 729 5 597 489 927 163
745 433 764 747 207 290 755 283 233 294
626 848 902 277 819 542 641 994 176 394
972 97 143 464 108 418 270 938 391 360
154 499 746 963 63 650 526 462 238 927
175 49 209 516 448 827 170 119 24 66
5 5
446 378 202 26 227
899 462 25 946 758
151 108 189 929 407
596 924 187 62 996
972 533 491 839 148
3 3
583 624 377
968 536 529
779 33 582
10 10
220 829 715 249 382 50 211 518 106 724
960 582 229 968 169 246 739 526 375 149
19 36 889 599 392 44 44 341 526 862
736 386 621 592 614 916 67 767 722 70
965 361 296 659 348 593 851 326 554 326
335 826 350 853 961 447 562 967 107 221
563 687 163 941 321 346 923 53 748 435
256 79 557 77 560 35 483 131 119 850
157 813 453 513 278 159 281 8 607 673
164 565 28 778 342 76 689 821 502 872
5 5
547 637 789 807 869
364 616 853 984 563
495 434 538 647 490
534 559 305 836 623
396 804 233 523 463
3 3
19 835 207
528 128 647
143 141 202
10 10
972 354 562 774 187 409 929 70 10 497
998 976 304 730 453 173 128 368 368 427
977 224 151 459 296 8 895 173 637 254
450 697 325 218 787 329 259 788 656 970
316 745 977 232 584 15 472 508 885 84
496 641 829 244 889 623 505 718 834 41
680 375 581 260 203 257 132 498 540 544
242 240 498 693 329 166 122 965 368 522
745 279 465 716 213 568 259 208 11 579
948 738 266 155 117 632 718 432 645 240
5 5
524 47 553 245 400
84 577 378 943 833
883 39 826 606 250
868 101 552 179 845
635 85 498 150 754
3 3
162 377 930
426 736 313
359 957 923
10 10
111 674 673 682 43 772 415 892 785 150
381 652 806 140 995 563 406 758 87 489
433 310 734 496 500 641 57 336 213 963
759 565 524 695 844 931 962 496 164 210
17 876 627 628 484 443 235 649 962 690
53 417 578 947 64 311 981 697 150 146
325 577 251 140 932 505 456 370 912 267
118 632 968 675 246 502 387 525 850 466
338 457 998 156 457 781 233 939 357 856
571 237 65 689 616 375 670 143 616 473
5 5
954 121 555 497 848
580 110 691 22 426
703 450 678 610 525
325 379 414 655 619
360 106 902 610 726
3 3
826 624 805
463 571 790
268 697 679
10 10
24 6 291 182 707 475 731 49 764 262
456 157 136 80 605 821 781 151 337 614
43 955 151 799 509 959 477 489 115 234
510 40 527 540 708 898 469 70 625 982
513 648 214 810 473 324 456 391 842 905
391 205 253 904 597 959 545 232 57 455
818 23 725 136 588 640 828 628 994 491
26 651 398 80 152 582 966 646 72 974
443 461 514 387 906 647 271 602 255 842
610 502 183 822 911 830 297 510 208 564
5 5
294 714 335 838 836
732 786 478 355 630
847 933 802 192 771
426 347 713 699 903
998 543 153 413 470
3 3
798 687 632
954 928 454
993 715 223
10 10
682 286 684 858 118 429 708 488 982 990
251 830 74 327 176 754 950 217 622 375
133 293 612 985 781 658 601 754 925 787
778 275 908 394 521 32 168 558 745 72
868 311 214 831 709 380 669 633 927 587
157 129 605 234 197 867 251 838 630 25
303 203 886 786 667 242 270 555 554 237
250 784 753 497 259 6 490 162 991 780
404 804 6 753 327 690 933 938 644 252
907 1000 637 456 927 591 285 19 567 426
5 5
589 588 787 129 356
131 314 284 735 45
540 525 636 764 73
806 269 828 720 743
1000 89 798 315 933
3 3
235 944 122
578 200 791
773 35 3
10 10
344 577 259 960 643 55 196 411 761 110
46 355 842 169 136 382 715 7 45 44
50 61 494 959 261 816 226 691 578 581
434 413 210 157 786 748 28 918 366 584
263 707 354 884 88 664 800 72 728 658
806 835 684 69 250 459 518 67 942 983
851 192 32 68 210 489 494 42 179 800
97 366 683 323 458 661 594 364 677 3
274 78 484 703 605 756 499 974 684 512
289 259 51 241 723 320 315 605 675 641
5 5
156 404 858 488 842
43 356 16 925 259
213 932 938 68 673
21 695 979 855 777
800 261 30 660 446
3 3
356 231 332
611 965 746
871 785 427
10 10
376 44 115 114 466 81 352 164 351 420
63 489 746 827 765 616 773 259 424 960
224 56 477 163 95 402 514 631 560 360
37 896 6 962 96 430 789 892 690 761
852 46 484 490 712 810 113 994 959 43
191 759 682 60 218 715 57 655 915 24
330 174 871 303 835 20 483 70 844 144
538 542 182 992 751 187 167 302 429 927
327 739 618 916 52 963 630 328 710 215
664 174 208 131 492 634 261 651 628 5
5 5
861 686 823 542 306
347 482 522 527 3
22 651 489 127 541
819 233 33 218 279
413 205 300 992 335
3 3
725 469 226
883 314 576
610 842 49
10 10
637 836 547 855 260 872 52 536 929 165
732 916 741 104 135 133 434 39 6 871
423 533 914 417 526 91 265 616 988 442
905 637 991 696 80 72 512 817 244 14
884 184 964 261 80 229 859 551 57 510
264 375 867 138 88 466 625 44 219 467
490 279 228 663 277 888 202 429 340 980
850 547 257 512 444 663 716 853 667 136
796 708 12 591 831 285 514 615 557 248
148 813 350 616 528 979 83 182 747 143
5 5
584 714 796 205 122
41 85 63 803 178
39 139 467 695 123
832 488 961 194 587
429 67 645 845 263
3 3
545 998 554
363 372 740
497 754 896
10 10
951 574 780 563 612 524 339 5 139 469
67 120 513 530 215 359 997 106 47 559
871 823 383 569 380 627 383 636 339 878
98 929 831 913 927 613 672 768 439 224
592 427 141 467 527 726 399 164 171 280
26 80 52 537 573 872 279 453 491 802
861 280 559 567 501 604 380 223 544 67
66 262 643 779 993 768 282 783 681 469
2 968 645 450 214 605 458 144 579 232
718 45 46 288 671 1 216 903 25 56
5 5
590 494 1000 381 764
327 326 493 628 948
426 254 624 444 488
324 119 233 621 960
192 418 441 813 254
3 3
30 907 509
432 70 738
263 611 369
10 10
360 920 44 416 535 844 126 696 230 247
985 524 1000 421 362 306 124 929 42 243
349 355 925 378 763 319 453 561 201 763
731 948 637 381 730 965 529 328 206 286
498 109 121 428 675 103 817 277 778 718
305 489 252 540 881 2 29 68 24 322
657 839 938 901 703 613 682 663 333 271
237 197 713 388 138 965 215 523 308 870
317 340 877 591 373 789 882 47 344 804
175 597 892 711 485 417 273 12 768 431
5 5
119 618 604 173 988
867 654 570 133 633
265 433 329 575 674
854 196 359 325 296
843 279 685 359 355
3 3
161 791 762
73 284 115
758 682 893
10 10
6 776 958 687 741 957 798 818 862 217
87 596 507 999 70 844 223 73 647 149
232 55 957 150 342 93 44 345 587 968
734 513 468 500 943 121 6 125 84 526
550 470 172 433 449 425 944 495 645 348
454 21 950 794 204 981 279 599 825 190
507 570 181 277 580 451 858 78 425 635
93 455 304 965 717 889 546 47 35 810
514 365 144 482 770 214 358 422 717 483
270 125 764 36 689 258 837 256 665 216
5 5
766 665 296 582 609
205 809 786 922 582
415 149 166 930 54
462 340 665 388 881
382 441 492 410 71
3 3
854 924 762
112 98 646
837 738 928
10 10
420 577 220 130 104 678 99 672 124 735
157 346 620 196 663 606 619 726 746 348
649 294 574 137 159 272 511 306 98 556
745 592 934 666 515 495 951 765 821 409
138 609 51 203 859 484 48 404 549 573
439 902 750 385 916 175 822 309 961 919
935 763 191 382 762 308 356 661 962 641
829 28 705 844 783 413 502 866 511 880
231 373 649 835 589 456 823 994 792 900
250 668 396 496 577 9 361 769 781 929
5 5
48 812 698 609 688
559 686 480 512 528
281 902 241 905 54
933 330 990 275 40
900 38 51 672 939
3 3
681 976 910
743 730 252
781 769 458
10 10
307 668 492 949 781 809 85 102 81 970
6 514 855 475 883 132 502 164 790 73
58 838 551 921 493 312 911 619 254 591
883 915 572 729 354 767 405 161 823 639
978 387 322 938 93 669 262 820 415 278
334 773 30 348 184 589 304 145 733 644
421 374 874 866 188 605 452 683 150 341
783 65 98 927 486 679 664 108 802 879
240 76 106 674 674 348 287 730 894 426
457 647 972 212 530 402 432 898 656 738
5 5
79 23 414 919 910
888 937 467 872 480
662 629 771 715 975
379 806 328 986 517
170 892 724 697 938
3 3
596 652 681
405 122 36
631 389 869
10 10
611 291 976 112 7 474 848 902 336 828
706 386 933 816 960 576 856 377 457 586
457 124 70 623 498 163 397 892 49 605
623 240 605 612 599 461 42 442 188 602
736 207 886 584 797 283 267 791 173 525
406 524 673 548 175 307 148 887 481 31
757 891 5 38 947 451 962 430 852 411
324 456 162 536 952 742 370 200 631 418
579 697 325 163 101 125 898 913 217 437
4 363 367 239 179 791 253 779 420 186
5 5
468 281 685 585 243
369 163 72 326 689
20 56 925 671 222
686 850 957 136 866
692 513 498 331 721
3 3
52 752 682
590 920 941
154 28 120
10 10
45 176 110 316 796 552 920 223 506 951
975 586 289 308 796 239 627 667 578 68
399 876 350 696 976 623 886 887 199 786
332 447 468 821 979 178 402 183 363 172
153 465 134 231 828 879 340 202 291 474
177 23 456 655 376 708 587 206 473 476
919 744 551 823 900 816 30 800 384 626
144 887 514 559 137 552 887 615 6 519
908 186 242 148 131 764 84 620 232 36
656 341 570 1 260 634 652 574 123 159
5 5
973 454 987 775 423
600 126 193 83 517
151 117 537 568 2
804 277 176 845 345
553 39 367 767 501
3 3
808 537 887
66 670 161
683 718 120
10 10
510 314 358 64 965 700 311 263 379 157
488 277 328 812 583 498 995 2 133 278
845 820 223 314 421 110 168 305 579 852
241 943 955 737 311 603 824 413 258 100
629 759 873 186 961 738 982 191 154 927
625 58 871 889 671 462 29 434 905 628
814 984 452 364 846 442 487 78 139 558
863 405 997 347 966 727 53 926 389 940
406 229 841 578 57 17 964 230 665 460
3 999 343 813 600 453 34 958 492 889
5 5
630 676 318 547 678
7 705 389 69 657
524 130 857 210 175
959 222 419 919 712
535 545 253 142 787
3 3
303 585 491
387 764 602
640 8 339
10 10
347 876 266 696 366 867 683 450 90 907
167 989 364 674 283 635 654 58 487 27
827 686 148 733 341 119 263 13 356 989
766 278 529 575 573 8 225 397 437 204
223 43 82 899 664 36 374 140 451 754
172 42 59 284 172 354 57 52 308 924
848 185 453 884 843 309 679 782 744 616
553 357 663 260 625 811 72 786 646 925
767 637 31 377 664 322 647 293 370 895
154 368 900 906 3 96 771 723 205 267
5 5
623 350 924 582 325
175 235 120 308 937
149 78 475 467 659
164 609 939 461 666
170 235 638 238 493
3 3
875 77 262
406 96 131
184 627 120
10 10
678 616 45 773 709 159 140 733 396 660
743 536 552 557 128 62 83 866 141 288
730 290 172 203 927 522 183 961 28 42
167 268 731 216 8 420 731 852 981 152
474 952 177 545 257 163 487 94 596 640
808 843 527 280 244 564 874 787 420 542
962 399 693 82 541 717 676 77 261 783
430 68 260 403 146 267 921 28 553 939
436 832 23 46 511 109 91 268 899 248
872 676 575 251 230 667 223 491 265 536
5 5
301 441 258 595 863
141 692 651 48 862
383 612 149 6 703
628 521 523 712 198
503 337 931 685 583
3 3
636 182 755
197 164 751
212 109 519
10 10
619 829 694 269 709 475 174 859 290 802
651 369 218 535 22 783 136 461 430 851
786 610 327 805 913 961 125 63 560 128
546 613 684 831 763 221 176 486 550 324
995 226 714 924 62 32 813 586 312 362
438 8 901 952 503 121 864 536 307 511
104 251 340 954 366 355 472 283 128 725
714 186 735 595 919 183 754 269 773 827
953 233 442 982 758 991 892 752 198 754
329 236 125 220 295 68 764 396 434 958
5 5
173 908 86 606 60
294 475 176 839 565
698 170 993 918 211
630 222 244 38 950
837 811 518 524 96
3 3
765 324 74
502 942 39
998 468 523
10 10
820 465 278 740 155 234 116 490 804 981
366 58 61 884 788 332 762 578 157 198
267 959 649 465 664 694 510 18 398 554
833 788 457 22 581 178 278 331 729 137
888 4 203 183 770 108 114 229 930 955
74 565 661 881 593 620 700 635 188 165
897 804 456 85 364 787 30 480 871 394
212 873 163 186 790 950 690 322 343 141
247 165 743 389 916 881 627 734 541 658
883 223 356 813 902 922 588 559 632 56
5 5
392 348 315 870 996
188 732 746 76 161
229 402 535 776 446
803 265 521 945 614
549 544 480 731 102
3 3
224 37 709
517 332 445
132 384 11
10 10
232 793 401 13 615 595 817 814 428 786
498 95 400 292 420 294 830 808 983 429
275 826 999 357 582 734 858 16 900 971
546 234 444 380 672 360 668 361 136 494
391 267 742 109 652 99 945 135 658 754
166 625 991 539 576 544 17 225 495 646
517 287 452 583 438 904 415 430 808 117
319 756 574 145 675 445 576 556 810 375
759 583 452 114 868 52 244 642 485 61
330 669 285 720 963 743 449 701 487 581
5 5
751 871 556 11 105
186 177 181 577 126
615 91 919 838 908
569 471 162 744 296
484 901 63 998 234
3 3
360 89 357
720 531 103
784 348 615
10 10
232 926 874 807 610 400 774 504 837 647
693 986 940 10 318 219 412 727 99 207
814 23 599 125 689 212 370 995 972 158
113 662 549 721 117 921 928 484 252 355
128 193 491 143 426 357 969 810 294 599
11 554 251 335 71 173 935 792 464 764
977 692 816 346 777 878 861 494 946 997
477 973 700 683 253 144 335 950 236 195
145 962 534 507 81 243 571 366 341 14
828 202 325 310 415 157 744 234 392 365
5 5
379 787 710 991 348
948 127 558 704 806
292 106 817 792 326
727 655 219 954 481
697 220 586 729 808
