100
2
200 100 100
2
1000000000 1000000000 1000000000
2
1000000000 100 1
2
250000001 0 1000000000
3
10000 3000 4000 5000
5
3000 100 100 100 100 100
100
1000000000 1000000000 1000000000 1000000000 1000000000 1000000000 1000000000 1000000000 1000000000 1000000000 1000000000 1000000000 1000000000 1000000000 1000000000 1000000000 1000000000 1000000000 1000000000 1000000000 1000000000 1000000000 1000000000 1000000000 1000000000 1000000000 1000000000 1000000000 1000000000 1000000000 1000000000 1000000000 1000000000 1000000000 1000000000 1000000000 1000000000 1000000000 1000000000 1000000000 1000000000 1000000000 1000000000 1000000000 1000000000 1000000000 1000000000 1000000000 1000000000 1000000000 1000000000 1000000000 1000000000 1000000000 1000000000 1000000000 1000000000 1000000000 1000000000 1000000000 1000000000 1000000000 1000000000 1000000000 1000000000 1000000000 1000000000 1000000000 1000000000 1000000000 1000000000 1000000000 1000000000 1000000000 1000000000 1000000000 1000000000 1000000000 1000000000 1000000000 1000000000 1000000000 1000000000 1000000000 1000000000 1000000000 1000000000 1000000000 1000000000 1000000000 1000000000 1000000000 1000000000 1000000000 1000000000 1000000000 1000000000 1000000000 1000000000 1000000000 1000000000
80
272092614 1758225 6827670 3365403 4638165 1984508 4222661 4671948 1720705 6284826 8485417 2781302 7439631 1074910 5742663 1122242 3123856 9476902 6672157 2828052 2325063 6604106 4671089 5341642 8577030 2185046 2520390 7542980 1402215 4592984 4458981 5034575 3380142 6287508 8074532 5011100 8609519 9146961 7619866 5715267 4073958 1105644 2462631 2905103 4724896 2074927 2863526 6882958 9466451 9402604 7822913 3691928 4888733 6836153 7609486 9007860 3476326 7417253 8360905 2299169 3242189 3581719 2645399 8232384 3798118 6411492 2164411 2524477 7221071 2306666 3309750 3593498 1201231 2244223 1612035 6186874 3444471 8335882 5256310 7032931 5120286
20
58570329 2332371 553992 50142 19085 6199 2707 461 32 8 19 2 1 0 0 0 0 0 0 0 0
58
256784230 6044703 7667301 1448748 8936320 4252581 8871184 4468559 6559582 4366719 4658457 8849617 4114260 5800130 1620394 8930102 1769251 6201315 9433000 6477646 5937685 4101051 8962823 3869797 3060479 7989495 6010447 4631369 5874643 8458696 4051240 4819134 2764350 6590527 7198002 5159083 7853215 1001108 2803848 7802518 4368256 3822561 1397800 5868255 3070235 3576338 1675061 4478014 6355131 9372247 3396521 9381744 8957313 1255278 1465152 4263373 1909320 7999144 8091521
20
72882116 584886 874406 382846 80963 63672 13703 2219 3423 563 402 132 47 24 5 3 0 0 0 0 0
20
48089743 677728 264059 17007 20235 4403 1338 96 26 2 4 0 0 0 0 0 0 0 0 0 0
62
4742672 1593740 5999565 1335882 7591333 7826562 8097568 4741734 3299742 3898190 5234899 2768956 7129439 7734099 5879067 1244493 1376515 5896974 9944464 5114022 5266933 1154650 4594954 6017787 7489585 5059467 2170047 9583425 6651094 7866112 7515855 9493235 3774171 8627644 3866194 9799423 7763404 9096402 3789310 1734617 7628204 5082008 6100734 3942226 2182465 6783336 4241060 5790025 2777317 4118144 3939307 6248356 8574714 1853547 4885114 7288780 4494251 6000381 4180632 7521842 9047643 5459899 7906369
85
361718537 7274898 8091477 7996547 9279841 4912375 4758952 6947237 4029790 2018502 3939620 5643695 1186421 8998746 9600154 2079068 7392068 4831136 8333029 2528346 6072187 8853843 9314814 1236044 6388062 7577970 8867647 9711487 9615366 2335074 9187071 8298812 8367576 4899947 4022616 1754885 9858935 5319082 2093034 4763620 9037878 4666968 9679994 4612821 1996967 1718576 5481393 2277927 1044095 3774265 1853259 4995642 1397034 8565006 2254559 5575856 9554790 5772956 6429087 1991094 6562577 2668104 8810355 1152421 5571572 6648439 5125676 7184138 9225067 4078418 1734596 7895689 6341868 9096626 3302387 5246373 7101899 8738045 7833997 7020757 2334289 1829564 6059440 8879270 7708535 6508939
20
123181042 5052219 5699894 956215 5980852 3590834 1683437 1027208 3166514 2675883 694867 2325577 2024447 851777 906570 742030 981451 1151583 902919 292824 324671
20
119850285 5101653 1761359 583491 774187 401609 139090 66245 27721 23844 5368 2659 4392 1238 950 387 162 190 15 24 12
20
74492444 1778929 662939 157126 38579 12187 8779 3133 1141 466 218 26 12 4 0 1 0 0 0 0 0
20
95772215 583892 423735 554564 252958 122886 7409 7919 2426 1596 1351 609 306 87 53 28 4 2 0 1 0
20
101610677 2665657 5870648 842694 5274785 1225776 5075864 3455996 2857672 705419 2730637 1254812 3876797 1204648 621813 1530880 2676719 1458304 1749832 1865591 1852186
20
70588749 1338093 564172 81805 110623 19110 7403 1319 1215 216 142 48 15 1 0 0 0 0 0 0 0
51
9882449 1424228 9130948 1207055 1962040 2704869 2763003 2367932 7817758 2532204 4320846 1889806 5429497 2892591 4331433 6966550 9380826 6371235 4756308 2980794 7718215 6755659 2940564 4104345 3422174 4495601 7527998 8008206 9291223 8186579 9579093 4708102 1655986 7656880 1195954 1066234 4483715 5658182 3879228 1252036 8343529 1441843 6847875 3595810 1487240 8829585 6004562 5404961 4969940 2177548 2687695 9716760
67
34445665 6218667 4054171 5799428 1143956 5916478 9725002 8528287 1060285 7787901 9200153 9937241 3604870 2254277 1485496 9838007 7897860 1081458 1874666 8815205 6909142 5713249 8114999 8613370 2517862 7615774 5317601 8443571 9638816 1392202 9976881 4855486 9719241 3705780 6177881 1928618 1893704 8661496 1809912 5820413 4382912 7719411 5471476 1539733 8611920 3988550 3631131 6435061 6904265 7594989 6137896 2129622 3540180 4970799 2605049 6088072 5737648 2827952 7278116 6876249 7772430 2667204 5933630 2187109 7867821 6541277 7171490 2283953
20
106761174 9027621 2417815 2096460 3558024 5945511 1931747 1505338 6125982 5239860 1237370 3693182 2111750 3928638 680267 1560717 4117581 3070568 3331696 1810217 905185
20
121703767 2547400 6849110 2014512 3991318 3983112 2896093 1557536 367296 1701698 1459171 573669 831758 179068 629458 475215 570746 258897 166672 131705 126190
20
51730008 469658 328155 68219 4308 1088 575 52 21 3 0 0 0 0 0 0 0 0 0 0 0
71
9105457 5536988 1440112 1264389 3568707 5767823 6723025 9726565 6048144 6321419 6327618 6845571 5422601 6815202 8979278 4550994 6868870 7829221 1582743 7816277 4141270 5144067 5042720 8523121 6576622 3693740 2474108 8851540 3088535 6817461 1795163 7830866 1541257 5301147 5181296 9283795 4329530 1326466 1869380 3368544 5283293 8267071 9622545 4780930 9194339 4042570 3667064 6892494 9334904 9578713 5185309 9880356 3675794 4851732 5876526 4485100 4758593 9460821 3364120 7993639 5199637 5404320 2046971 3279101 1473513 2416396 7115161 8310970 8434803 3945453 6459497 3321154
83
20324803 3055468 8117203 6917002 7164771 9508429 7911895 7113582 8548441 4199232 2587125 2589836 2811324 8694105 4303382 6756800 5636794 1830131 8221062 7290875 4039892 2494989 8463395 7384439 8549507 7446500 6813790 2071470 4930286 4939015 4360376 1076301 9905580 7801167 8143737 1250468 8378112 1724492 4800751 3142766 4733568 1051992 3472365 1040889 1669777 5493349 9752558 4708849 3564126 3007833 7312937 2810213 2048955 8573434 2564865 5404454 6974040 1491840 3607077 5127063 4889663 2649629 2918751 2495900 2217087 6800368 1229024 3794109 4149846 4144111 6709876 8546670 5758274 4928970 4100520 4338317 1731170 2419349 6955132 7779897 5081615 2311298 1261014 2476379
20
119219181 2876691 1295229 5455901 5043685 3799460 569746 2762141 904871 896955 2241222 1179163 1585843 1155635 706097 747999 750543 251208 284453 433554 226745
20
106015018 2735046 1035318 1176576 410502 424130 138179 247567 112122 65141 59159 18126 21640 3342 5361 3250 3584 2232 597 531 329
20
77650160 1267111 1326631 177828 115976 23037 31234 7367 2497 1281 563 65 95 41 23 8 0 0 0 0 0
20
127662903 6974658 5054712 2563399 2752864 5405171 9706540 6831583 9254237 8530424 7865857 6282459 9128271 8628660 4515943 1195764 3896102 7891625 7873547 5303241 3055000
71
19408603 8262474 4539478 8640085 8468901 4521001 7253341 2877889 9408963 2912734 2847731 1647161 5233631 7338818 3409136 3244469 7736019 4138843 6604705 3578836 4252603 8137283 2845952 7825198 9362661 5380281 7876370 5304901 2335409 8192818 2638702 8181857 2891557 3754197 3846542 1485566 8814896 4834409 2739954 8882157 6871342 1604384 7145057 7905700 3843211 8145973 9375598 1048505 2802114 7811995 8961414 2383979 2235040 3153034 5008129 9113321 9707216 9353430 4950737 2547253 1295807 6143096 1814808 4500915 2278811 2664488 1912143 3066607 7990933 1013736 5234084 7255187
20
116924274 2891135 483827 364234 232898 77075 16865 25396 10465 1968 1536 328 347 95 56 16 7 4 2 0 0
50
5381476 2148400 7005753 5254489 2782280 3288227 3408207 1881432 3138552 9957326 7005312 5002142 2019960 4345714 7419302 1437936 2665555 6268836 9821029 6648840 4786419 8945049 4419416 2458444 4554626 8462829 6049331 8681335 3273454 1395416 5338417 6679047 4537857 3321464 2087841 3891228 3229468 5542492 9559380 8144947 5598066 3513201 7398080 3053907 9587561 6087741 1556440 4353622 2140546 9291168 3073752
71
30609206 3976164 5377683 2342652 4000435 1502941 9945621 1926292 9419099 3375937 6432449 7526908 3429100 6882329 9936842 8913922 3349930 2980938 5966164 3682996 5913763 3763260 8801285 4734172 4119187 7720836 8838078 4028671 5697260 4208603 9528208 4344844 2404048 3842763 4185875 1064008 2492763 9325054 7966882 7286310 7619318 4098945 6351842 6886527 8957734 5622085 1403716 6510972 8186408 1194303 7817737 2361943 5780790 9844699 3375183 8403317 8606760 9527950 4197583 1032057 7720220 2687846 5143737 9638996 4623056 8890356 8897921 2856237 7579937 3425589 7726778 5185705
89
39563017 6287803 4502113 2248523 7283224 2231685 3453552 9997410 4865850 9911340 7838332 1194965 4991433 3292769 8191753 7669764 5862151 8202934 2361698 6868313 6074266 2210671 9446421 7506160 7793034 8390291 2380231 2996709 4961292 1944521 2417763 8865447 1086184 2350203 3041915 8479573 3656928 1441296 7828836 8401944 9894265 8713042 2606240 9803336 4676284 7960410 3303983 6955432 8206716 1339003 7667381 5121147 4725071 9718559 3654819 7098106 3059356 3946895 8844388 7350188 2939327 2148249 7614943 2211192 5025042 5824378 7070386 4872779 6261474 2577111 9876497 8997244 4364548 4323147 4169261 7215266 5321047 4094565 6440374 5134989 2199585 6996257 3004375 1717656 3694352 6950238 5291481 4582899 8943460 5149664
20
104776083 3027252 973706 3619373 3436701 3073808 1505602 1669477 564596 506952 223432 259735 629137 70525 228912 149471 226223 114191 57210 84310 48792
20
113303745 4078933 3548435 281602 719338 284761 380465 131033 54026 109631 73664 11203 5412 17470 9220 960 2912 1188 1533 423 429
20
46105940 563688 350045 82209 7902 2258 121 69 29 1 0 0 0 0 0 0 0 0 0 0 0
20
86628088 3521655 1350108 373586 106915 46726 13834 1869 2697 204 188 39 29 26 1 2 1 0 0 0 0
57
124008206 1814312 3303963 6432703 8489997 5861828 7790355 6245354 2966872 5842407 9803574 5179002 2520097 1750504 8126164 5634271 6861489 6531404 2773158 4770826 6279472 1135812 8060703 3929560 9313565 3284803 1202520 5587922 8863149 1667440 8896691 8411810 5169446 1448448 7266025 3205557 9226292 1622386 7262704 2782946 5038726 4325243 1015274 2938601 3544038 4011928 7612228 7506144 7365294 9548783 9752152 7950890 7444283 7829555 1618445 4060143 2099162 2436449
20
102436180 3024416 2731268 1201205 602873 289119 118475 51629 48586 17943 1959 2907 784 2530 777 255 96 40 18 62 13
20
104194872 5452415 544193 1640162 1392021 892177 756579 553138 230558 70851 358316 152914 141618 100778 28250 63901 45632 18137 9473 9506 6058
20
67533098 1145522 292880 78366 34515 4484 2899 814 227 8 7 3 1 0 0 0 0 0 0 0 0
79
7174039 2161534 5186557 7842868 1399349 4328626 8045694 8817661 7809772 4372253 7864833 7692496 4415341 7183908 4883769 7695229 8447717 2739105 8976098 8596355 7445493 3414147 6095317 2063197 6673145 1684799 9573419 4670174 6788225 5622994 9979037 9999721 4155730 5585907 5966712 3070850 4585743 6663899 1680043 9752646 2415639 5946450 8898168 1202230 6363696 1330424 1945186 8012181 6940461 1778481 5726224 1805054 9560521 2504158 9887779 8186183 6339789 4214501 2517671 5606416 5467467 6475312 2317814 1838015 4154405 4810906 5429863 7985107 2754334 2969637 9038355 4213384 2272545 9799873 3265494 9313744 8365658 8188055 6342798 7004967
82
47435229 2428719 7043992 2844422 9597935 7600567 9503975 3805589 8126081 3466460 6931042 9100632 8284355 2508885 1814174 2459575 4920790 7906729 5768909 6687336 6639039 1926161 4556493 6925823 4947601 9668649 3692666 3283713 3599368 3075295 3067448 5720659 6476205 4811940 3278364 2952284 7517976 2915891 7949575 9030492 6484114 8245599 9592241 6581730 5330526 9930459 7167845 6196281 5342920 7797147 5611151 6924648 8076482 3624741 7380807 8951230 7623554 6742844 8043384 2192259 1341020 3789867 6828007 8432870 3968525 7014429 6454224 7833910 8642952 9709461 8163405 2073458 6076245 7915835 7234477 6644084 4107220 2414557 7045718 4807082 4428557 8635316 8194002
70
11604867 9971440 9373392 3483309 1932382 2023619 5511175 2678575 6122058 3079884 4398211 4760604 2698121 6606692 1712225 9713582 6822691 8831581 7123937 1994760 2430165 2187217 9817181 5003337 4577476 9047765 9988999 5188929 2672562 7242727 2289280 8226074 8258972 9211397 1712747 5437003 4535543 9139902 9475279 1340184 2955268 2191094 4486356 8030078 7478704 5684020 7957671 9440243 2756665 4889642 9410782 9347085 8699345 1791785 9915654 2066718 6861525 9343679 4622842 1891066 4230681 5016348 3358654 8773162 7309020 5704541 9787457 6043808 3324151 8433236 8886057
57
5449490 2674387 6273955 2168540 4565400 2137408 5750973 8842567 3392933 7501960 3269896 6481898 2099721 8563884 9263242 9415204 2924672 6926347 5673457 8678781 8139854 2589386 1508357 5863892 1575719 5298338 6117055 5363947 4258245 9432727 9070689 1607042 8841414 4180857 9454332 2459880 1950060 9705562 8404966 8588935 1049804 6396615 8303749 7784632 6118946 5454293 1785642 8222089 3348286 1529452 9508206 8127538 9147976 1325153 2199985 6959289 1295083 3771290
20
67240684 1191787 481311 37322 14184 9135 4893 1485 180 119 30 8 0 0 0 0 0 0 0 0 0
20
104758185 964750 1176265 943642 238925 460757 66318 130379 55679 29745 26097 7753 3748 2616 1244 989 142 412 53 58 11
92
17351454 8380610 2626464 6939402 2596113 5532318 4248669 5799045 4741950 8450948 4973857 6703937 7834648 6976552 3100213 5712205 4475317 5860532 2960898 3927276 1536515 4010878 9312695 2220478 2285887 9704100 9678349 9962664 6740968 3106655 8129845 3372559 9574265 5982576 8732205 4331650 5496775 4899855 4335221 7939433 9175443 8357637 2976756 1430738 4462481 3208100 3695668 9660254 6397661 9487077 5982179 9464688 6699649 9003121 1268901 3597456 5268122 1346406 9159212 8011497 8664059 1548801 2611691 6767753 9760453 5164084 1125340 1044884 4464853 2402614 3523328 6681342 5426911 3629059 2875276 1885871 3436260 3506529 2055924 6026574 9799696 2261518 2181548 8805979 6773274 5875175 5202137 9696578 3315372 4652681 8798972 9765898 4842143
20
119218093 2195598 5049159 4058775 873513 1986493 2154925 1116518 1344840 960957 930831 519980 673929 437708 259127 239128 141653 208308 156548 147823 100740
20
98763217 7384816 2634043 4686258 3126179 3056306 4076237 573847 408540 2874700 1891368 464432 1524209 532971 1058152 466649 1121788 553953 205466 823534 873904
57
12743587 4912448 7945917 9344562 8761668 7109467 5817894 1079914 6266799 1869116 7133229 1451017 2615829 9021276 8185217 2383498 4267418 4935030 6794755 3004344 4456607 2538551 6581258 7858118 3775338 7450398 3343292 6640840 8998711 2046945 6030556 5812789 2023552 8012228 3596650 4838347 2317416 2750227 5516495 6091108 5977466 7899053 9847820 5889338 6370292 2968805 3690760 3589790 8968029 5426423 9392014 7877782 8250668 2881133 7028194 7482082 4429245 4305004
20
92981443 3860759 834192 537071 103853 23697 8244 5719 3506 1678 581 48 72 46 13 3 0 1 0 0 0
20
121976270 4209889 835734 741652 274738 76333 28208 11684 13772 5294 3704 323 563 201 62 52 33 14 7 3 1
70
8496302 8104428 3069329 1054119 4598809 1985471 2443672 8747471 1845159 9621614 3954430 7107152 9163190 9135083 6340598 2964759 1755692 7264307 2147179 4422059 7905942 8686740 4860346 3795704 5909936 5508987 8155844 4259415 3969669 5086337 9519533 5593108 3698799 6820096 4103236 2593544 6471221 4817413 4793940 5913021 9506790 4027219 8611664 7492660 7610873 4017753 1000370 2860916 3395286 1024070 6908269 6864635 1413866 5997356 9518951 6494034 7462587 6652962 1262870 6886392 7374048 4285919 1271121 2772776 5333106 7853174 8180025 2285156 3501655 3086998 2948968
20
130694583 6101391 8811253 6447038 7624577 853066 6933146 4390788 6291095 5005576 5142844 5402290 1012606 1257120 1747816 861235 1421642 2279795 3080095 3170672 3278959
95
9383844 9508754 9130740 2736756 2843162 1483842 3662119 6878209 8835053 2533295 8626383 3671621 4589539 2103185 2022144 8961328 5018207 3536061 3451949 9468674 6572645 2864760 5958164 4644751 4922214 5762390 2652524 3435198 2057250 4168834 1950116 4896378 7749067 6383501 8955731 4136278 8004769 2576299 5527314 8896008 2853660 2558642 1862609 4978515 4295283 8928617 9278880 8840315 9365218 3652989 7697518 7657327 4594814 1718136 1837566 7606904 3910694 3911439 2141827 4242297 3875829 1409513 2330222 1946502 7013440 2017386 9118767 5261712 8174460 3367072 5969146 4276447 1879980 9563052 3587704 1018207 8603911 9836372 6412992 6668172 2578325 9003184 6068539 4496094 1186940 4344091 2786653 2290155 8371746 9480973 9424507 7859195 3951156 4054956 4927677 7890133
20
110364746 2178058 419533 120427 287709 162244 65147 10868 5795 3985 2711 228 393 106 63 38 14 7 2 1 0
20
74256416 1696308 290424 230286 54415 9116 3555 946 708 154 79 19 7 2 0 0 0 0 0 0 0
20
126155463 3150568 2301366 1186510 1138481 252351 321279 64230 100452 74396 17754 23904 10978 6890 2369 1700 687 239 481 64 179
20
90198064 1438997 835357 263551 63441 19640 3258 1500 692 113 59 7 4 1 0 0 0 0 0 0 0
95
10410186 6646982 3225017 8723393 9653290 6298606 4208226 3588332 2331642 2373321 2406707 2454319 2391460 9343598 9218119 6401931 4283913 9142070 6072678 7234058 7423914 5267669 9498729 9567054 2749582 7879285 2851726 2870042 9789758 6220446 6425100 3441063 3386472 7212578 1104331 3484392 8661577 2343889 3037668 1046143 5960493 8492835 6494503 8156923 9631058 1610009 5429249 9083798 6620221 9206591 9327760 2757850 8331588 8906234 8507750 1385543 3195602 8569712 3144310 6114628 2239227 6478229 9089134 2460971 6914228 6746976 2452142 5245455 8789992 2807424 4843072 1474972 4979965 7666490 8021662 5832713 9412660 5258485 9195214 5897756 4584296 6026205 4833697 6965831 4623350 4458364 1280828 4275217 8044158 1494236 3122149 2909698 4716197 2159491 9596260 8008000
86
9925484 9324742 3924492 6775332 5248960 7528649 1437813 4921512 6409556 8130725 3788131 8131102 6718882 1518498 1538804 7829888 8613191 7904570 2652394 9076440 7867743 2146149 2291517 8843823 8374048 7540920 1766461 7890802 8716102 9672603 3124215 9863552 3830546 3274758 7660674 4032989 6484550 2684154 8071126 9011522 3063108 1835317 2027691 3576586 7150065 5298139 8356833 6401201 8099888 2037028 3413301 6654378 6321671 2110405 7816983 4642350 5799642 6896586 7168886 2597488 4485090 2328435 4137407 3089551 5196560 7581583 3512487 6111893 4521735 3299121 4106248 3113163 7785700 2433891 7205921 3615372 3555324 5189273 7124844 9399089 7533602 3646459 4028139 9972486 8913553 3509043 2639544
91
10006234 2659444 5517151 7827193 6406558 2089233 5615629 1716344 9228166 3539488 1102750 6575068 5900672 5846404 6286357 8656247 3224957 3456350 7742891 9713065 1344560 1037869 9326454 8696037 1115181 1288057 7482101 1323320 3082231 5466616 6581484 5804480 1769011 6308609 8738803 9315171 7370950 6943664 5041467 9137869 5288743 7816087 2566957 5349490 2400333 1247952 1782286 4181115 2364154 8571632 7357287 1838609 6041084 7531077 3113794 4878006 5055067 8039294 9415961 3164940 3561445 6164766 7995982 8291895 6263980 8484309 8413407 1841077 3864379 2696686 9416765 1572971 7258631 6342098 5462417 7498428 7817131 4027523 5311998 8699980 5070469 1395373 2767578 7602630 9880196 4830560 4316892 1440109 4564665 1369327 8528678 5855915
20
100765216 5102895 500141 241261 149777 419649 401921 80864 36949 84157 77345 13188 23420 9677 7154 5935 2054 496 1424 969 362
52
36751558 6213350 5538051 7930741 5535250 7514028 7038633 7951296 2126856 3845184 6738021 9202260 9262811 7537822 7199180 2923294 2971778 9651139 2197019 9327814 8425676 9537104 3746352 7859670 7336334 6377761 8383318 3911043 3127087 4836607 8426010 9886729 5892105 4883479 3350479 6617581 8772624 7965807 3183020 1799948 3222039 8321780 2383276 1731338 6464473 9376529 8258483 4884329 3686392 6515194 3690467 2148406 8442130
20
125776132 4062819 1740687 736503 1192470 529301 255972 169519 143120 19476 43393 25850 17941 8502 4660 1303 1307 762 478 63 105
20
90967940 2241060 728526 95121 193973 74997 29618 4913 3492 1468 608 75 160 60 3 2 4 1 0 0 0
20
74085041 1567076 680048 142632 140876 9900 11750 1019 1227 79 141 51 5 10 1 1 0 0 0 0 0
20
85772233 2064432 936491 1078703 474847 351824 124847 237113 23855 66504 36796 7286 13725 10534 7346 3684 2907 1318 356 214 67
20
113069126 2786414 348783 850798 184145 110046 16656 19962 10882 4101 3318 1625 575 148 134 43 18 5 5 2 0
65
45700450 9913608 9445216 5961434 1405485 8321141 2134217 2005879 3132464 7744513 7578838 9029788 5635992 4205365 7132865 8182190 7720776 1488791 9738350 4104135 5369293 4907601 5132471 2957753 3416001 6647202 9837243 3650609 8387703 1871082 6435170 2210698 6218872 5197831 5990905 4395865 3110418 8841589 7761827 1969074 4536678 5184459 9981612 4639877 8074218 9989947 7632564 9999093 7503087 3644836 3289052 6397134 1581794 5342994 3776351 2040446 5732099 7641855 9271344 7230214 7215825 5519359 5371722 6512340 3969606 2830346
20
124671426 4012282 711992 847486 798052 78108 240524 119054 48650 18107 14479 11455 5738 1096 1611 931 152 237 150 62 14
20
55615986 1669651 440439 65941 30932 4462 2869 554 109 138 70 26 6 2 0 0 0 0 0 0 0
100
12669067 1340616 7727525 8684754 2579262 4574211 3519084 4148422 9941743 7076304 8817814 9832005 4839790 7074395 8453652 3958391 9379766 1084522 1886301 9982986 8927587 6801343 8925305 5373529 1824640 5359048 4269921 8215249 8043654 9261518 7884486 1006030 8593862 4653501 3915763 5312581 3426233 2966469 1985407 1079700 3464959 8762393 9475174 8812688 3055801 5549489 8004066 9144988 6526401 3431158 3764025 8819101 6755013 5945814 3129335 6068302 8091503 4817128 9900039 8587100 4301312 4524457 7961019 2165844 2723626 3748793 1800350 8924837 1759084 3898277 3210435 5318732 3611221 9190129 4875768 3526634 4378225 9561258 6956560 5994829 1701328 6342433 7313107 6271388 3367921 6602152 2936581 5794664 7468041 4147778 7154703 6218553 2170778 1840855 9142116 7120707 7623599 7874421 2532523 2217152 9169550
20
105057515 4145341 518204 436882 291315 85526 41697 11596 2274 3927 223 403 324 165 65 32 3 0 0 1 0
54
8987670 9947886 6890095 3217525 2019253 1200693 6616657 3182919 1145124 1885816 1290622 1533639 4727662 2653123 6096733 3694385 8533467 9997180 4275299 4378171 7655424 9483460 3559184 9878452 9051751 3089582 4647065 7383813 2763475 1998662 5634652 7250069 9793962 7898151 3109244 9486412 9164431 6886200 4479721 4606380 8814121 7426724 4990340 8623395 3348301 8315872 6045407 4295290 6455571 6530260 7572319 4356727 6433740 7223857 3130760
20
102113655 2022304 2790763 7007831 2129615 3781421 1986305 2304266 3534438 5958678 4963913 1641154 2680264 4562702 506330 1294740 2293194 2072618 2013320 3152269 610626
71
9858597 4256492 4948419 3698395 8819138 9789539 1672081 1251666 8438588 5450156 6101821 5432635 6687976 6549269 1065990 9595626 3963483 3233180 9363954 7556600 6968688 1720395 9440803 5883420 5857574 9988385 4771707 9716717 9086863 8581129 4011985 5805695 9269285 9738956 4583602 1124584 7674687 8833790 2043268 2579230 1079806 8409839 8545791 5154231 6428350 3172182 6304517 3101899 6910860 8153884 4824231 1087836 2638098 3469238 6497411 7110105 6191348 9411116 4857354 5447363 3192182 4764514 4965682 1444121 6008793 4597209 5091992 1731362 2379292 7127080 7191689 1814064
65
20225095 8248688 7509516 1090724 7278087 6986224 6650026 9351959 7175625 7980533 8694872 5082488 8934205 4781079 9728583 2788857 2936592 6604577 9801651 5898024 1030510 2636741 7639193 1221241 4948794 3749388 9021250 6580465 3223069 7944581 2164798 8719449 9932237 7914026 9288474 3424664 4171188 7107829 6052939 7361377 4333651 7498783 6410132 1822591 4905257 5806140 5561628 7905893 7217414 7268784 6282653 4762760 8411707 2730183 9570208 1484355 1762302 8528770 4614903 8042632 8369863 6740514 1464113 2291749 7390006 4601435
63
6246787 1717696 8480702 2386532 9438867 4874713 2129938 1063455 4197771 2453244 7737807 9846381 1658037 2668966 1695064 8041498 4082888 8761493 6952339 5332254 5215427 6589626 3245220 2514683 2608078 6864622 1731932 5473347 3236888 7057782 3991538 8969547 3275642 5014077 9762289 5885446 3499705 6521461 8186874 9901260 5367689 4483756 1383197 1698741 7605516 6474797 4146908 8740078 7033256 1366602 7603591 8417061 5000611 1448843 9727948 4873706 9252515 7382885 4628199 6142200 8304266 6583873 6564792 9269359
54
45491546 5895848 4769718 3232772 8554314 2480646 1341422 7102663 4718473 3321866 2019005 7795949 6564485 7208989 4710546 8366682 5442353 8800072 2876260 9137178 6250184 8774295 7858939 7205143 8997642 3147545 9563619 6320226 3895910 4884939 2896856 9483173 8993067 8319280 2298945 8659123 5183405 9529145 6319827 9997707 2266184 8555795 4717914 4948455 8674883 4324510 7101175 4504927 5821443 6856701 8480386 3718261 6410113 5615230 5947932
68
8815627 9707421 3749955 2598194 8348834 5223525 8018897 3450379 2783949 6635451 4885250 5523712 4155431 9825443 8066759 9395049 5077080 7232688 6274236 8462994 6004897 4064181 8989465 5787806 3048882 1091187 1074535 1457286 5711299 6599810 3611230 1630704 7739119 9540506 1713261 3873713 8855959 9129038 7354383 1059051 2166930 6923932 3241996 9428802 5351515 7019941 3812502 4915635 9775324 9595194 3779733 3881607 5183248 2556974 4329742 7767597 3804399 6982739 3389107 2554780 1534101 2014229 7914569 5973100 4320510 9107010 7262478 5909583 6488546
20
102245469 2656252 1358886 1717699 3024248 4099972 2905490 714228 716070 2150070 960480 1385845 483032 590213 460448 833264 630494 561895 132408 299228 94681
81
19704181 9309714 4113633 8882608 1955287 9042306 3871761 7984168 4698711 6194700 5266480 5784062 2195153 3495962 6378086 1654244 9965200 7528764 4339552 9703584 4787918 4140416 4009692 2332331 4772721 9525920 9116730 1090895 9002133 9678940 6554591 2329565 9682836 9160109 3365856 7195128 7594180 1918841 9055907 3446008 3347129 2575073 2438180 4168977 3312692 8341813 5028749 2383885 9083971 4866593 1442917 5870463 7455799 6430406 4351816 3688484 4774058 9779140 2883486 9425976 9661463 8911799 5908045 3132417 9438248 8842869 8296769 6980594 1164245 3402810 4107774 1036643 6867244 5382936 5600493 9932852 9500415 7296941 8620773 9022979 6447569 9696093
20
89452983 384713 228377 446983 77027 66140 17132 5603 1808 142 249 58 44 5 7 2 1 0 0 0 0
81
22542686 9630800 3141720 8527822 8246693 2137043 7109139 4183951 7108849 6386575 6536526 2578722 8957950 1679835 3893235 2743600 9755714 6202906 4466527 6231117 2841391 2292542 8762051 2643795 9665923 4643575 2790373 4881183 6378250 7312498 5393662 9176199 1246390 8887721 2574947 9607511 6947720 5442372 7247782 4422479 4141554 6379593 2661502 8230827 6676781 4171132 2193218 1991735 8817717 5736992 8610467 2037247 6597267 2323723 8800944 7055141 9481264 6806231 2588415 1273738 1622776 3661731 7734384 7699075 3457103 6567451 6393417 6779844 9378333 2057671 3001365 3381664 6764892 7375359 8772431 1721077 3812975 8296856 2907201 3419307 1949599 6017752
20
119646207 8700108 2760877 6327406 3162874 1060371 3079961 3498586 2242116 2452874 599358 828554 1787062 975147 885616 472759 649597 965246 445439 96967 579308
20
106461144 2243520 778367 2212460 762700 1678840 939650 301624 324683 81386 178856 201648 194707 94881 57882 53398 30234 22583 26396 5452 10512
20
105257555 8620557 1069243 2693160 1438495 2107708 476826 3520151 1575918 621068 2009124 830617 1603210 286419 1493281 525457 1012572 920117 714059 483561 171257
20
49750009 1133628 156989 57982 10176 1936 679 97 35 2 0 0 0 0 0 0 0 0 0 0 0
76
9201642 8065332 1972816 2667179 9056597 2450846 6892573 6412943 5991056 5432078 7077820 5122497 8708958 6920147 9615147 8994309 9369184 9576756 9264327 4186640 7050603 4969511 2281025 4695150 6121968 1157135 7929914 6149383 4964713 4522627 6770595 1039636 1235190 5463032 3557445 4368333 3591709 9006474 6018236 7099373 3961114 1973665 6928974 2207102 4445274 9325685 7025862 8220210 7151992 9783823 7309386 8262816 3608065 3172591 2090950 6641485 1471678 8132835 7379597 8778276 5418984 2383878 7493953 1953664 3316138 9683860 2183669 2235463 2600115 6265153 2899193 7289447 4668785 8969127 4542677 9124524 9338770
66
15500031 7298726 1420538 8342222 8363987 4931393 1969167 8119594 2243919 7298753 6547382 6499846 2410769 7159518 2924433 2273756 4314127 2920461 2244543 9436556 4785326 7442861 3328994 8918630 4018497 2393223 6728959 1689708 1011536 8801059 3694200 4241139 9785397 8570941 7117795 2555585 4093399 9969686 6221786 2571131 2633508 2946097 3965236 7552299 2636535 6871813 2921600 3333054 9720414 4470588 6701588 4151801 2788254 9292514 1218122 6812687 1097302 6719750 5800791 3939261 1253229 9446617 4213991 3427724 7048305 1312824 6472142
20
115282471 2473961 1971677 902202 482511 194540 86275 54898 40640 5088 3941 5518 829 1240 617 141 203 55 51 14 5
20
96161139 1415468 674509 1608923 342660 328481 28146 14624 78216 20799 21886 7674 4751 1218 505 852 377 75 77 41 13
20
98050568 8407385 756743 5775615 2092526 4760271 2589357 1907943 2252871 743163 1044611 875302 341761 312924 288032 410180 326812 678773 298026 391579 75228
76
17491989 8082096 9952009 7857324 3525850 7434937 9339709 3951773 4904732 3221291 7640463 9307601 1883138 4407462 5415083 4101931 4988518 3551316 5495292 3885224 6198294 4419586 2781181 3198234 9111287 6073819 2051157 8214022 7662455 4036205 8651971 8080331 8084954 9577335 6185733 3822107 8093687 5741245 7660646 2896371 6449599 7488178 6911499 3694484 3251009 5663849 7208016 6158948 3559809 5898571 2928427 1282151 3767761 4615599 9788952 1099042 5543504 1622844 8803701 1079718 9602518 6132723 5729449 3152417 8654160 4055061 4874834 6884318 8656874 1280178 7800697 1078252 3115097 2361406 9907304 7453923 6346798
20
99488486 1289870 913694 551834 404107 94550 111446 31562 11252 2962 816 365 1170 331 163 138 12 16 7 3 2
